65
3
50 106 122 
19
49 78 87 64 54 123 24 108 120 85 92 71 28 96 21 66 11 126 27 
17
85 27 46 83 63 46 45 2 59 110 122 92 3 122 79 101 13 
7
41 49 40 19 42 96 67 
12
8 104 30 110 108 85 33 51 97 117 4 25 
7
81 11 42 62 21 111 26 
3
59 114 61 
1
95 
4
96 62 82 119 
4
126 86 127 94 
19
75 14 52 3 13 3 31 122 38 107 65 83 58 63 84 20 92 55 5 
17
120 63 64 73 118 115 4 53 14 119 55 100 25 27 72 108 83 
13
104 91 84 21 66 124 10 120 120 110 125 100 121 
4
50 108 54 111 
18
58 0 31 65 3 67 91 122 101 26 5 56 95 10 24 116 8 13 
3
124 78 6 
15
20 7 4 3 33 57 95 96 20 76 85 54 118 75 6 
8
3 103 22 100 24 115 118 59 
9
41 100 5 37 91 24 104 63 40 
6
13 15 97 33 77 18 
10
25 108 121 73 117 39 33 119 127 13 
8
15 38 113 78 90 70 84 105 
11
42 51 86 91 43 103 4 100 67 82 59 
20
12 58 111 14 4 88 53 63 25 58 74 34 95 96 94 51 2 45 45 103 
13
70 18 121 25 103 54 102 31 14 121 80 0 105 
14
71 51 8 53 87 50 57 62 25 113 69 9 97 79 
6
102 15 71 88 27 3 
17
75 124 77 30 120 22 18 16 69 28 16 111 105 112 83 85 91 
4
126 99 63 18 
7
126 84 13 110 100 74 92 
10
79 94 93 123 29 109 102 30 74 3 
19
91 0 111 14 53 99 45 8 118 79 71 98 12 119 99 36 30 27 25 
20
81 59 3 115 63 99 58 30 79 45 91 10 47 16 64 114 24 23 125 41 
11
22 47 95 119 11 1 108 120 79 82 112 
9
55 107 40 105 14 123 16 44 52 
18
122 117 78 119 94 13 43 25 15 50 24 102 96 6 99 38 90 23 
4
26 58 6 13 
3
15 20 127 
14
51 125 117 104 27 63 121 3 41 41 96 22 26 119 
7
88 83 117 69 82 58 99 
7
29 37 2 18 72 4 72 
19
104 14 47 110 31 75 58 113 105 95 44 102 69 89 54 51 50 81 118 
14
39 8 34 38 105 86 70 82 6 37 66 58 57 28 
3
120 11 64 
18
82 64 85 105 26 34 112 65 38 82 53 60 43 57 38 42 91 50 
9
103 36 103 91 85 110 46 33 93 
3
5 16 27 
9
2 36 89 65 55 7 74 31 30 
5
125 103 28 58 125 
4
69 121 83 81 
6
65 101 18 51 5 24 
17
102 46 60 19 10 118 84 50 119 15 59 44 40 66 54 83 17 
1
46 
3
20 70 105 
9
7 40 63 12 127 32 47 23 123 
7
115 35 31 21 83 70 13 
18
33 87 79 116 119 56 44 9 108 42 69 62 94 15 48 79 29 42 
20
117 56 106 125 31 79 115 38 54 66 93 120 49 119 68 46 83 23 102 55 
17
48 97 17 92 13 61 14 35 111 92 75 41 120 3 17 72 47 
12
16 18 66 99 72 41 52 68 115 47 102 98 
7
93 42 56 106 80 90 17 
6
74 81 59 30 112 84 
15
64 63 24 42 39 11 21 66 84 99 77 27 16 54 41 
1
60 
17
126 30 74 41 26 81 11 35 55 62 119 52 121 56 33 95 50 
