97
2
1944905787 767455970 
4
1271082146 10945975 932381169 792199257 
3
1542156925 332982186 38035580 
3
50223193 1748380802 1475987767 
18
335743141 149156079 1827380376 860043076 1125314490 1908458105 289934626 2141488187 1601504544 597573852 440019188 78038918 521479000 1804849171 971250607 2109386819 93425999 1626698512 
2
579663940 1186392206 
12
807418178 541633073 683562949 1699548771 1434028125 1550299969 208654190 445860765 1221931073 607816582 818373720 195672378 
20
669248413 1709679954 1807021949 203830086 150746487 519818896 392731256 1204939499 889715422 270420681 748940380 1152284613 1388668056 1774642412 533451412 983548611 171227480 1359908357 922544311 46340047 
10
1463900259 1914600889 2145514538 156770689 635478604 542989655 971002281 88471861 1568363826 1862690718 
8
1658193748 98110755 903349109 1684471446 1493699699 1141347995 964936764 707755213 
9
1097409175 1228459573 955257279 535266134 174131752 623458559 640878623 363655855 1590252432 
18
273428670 459130767 1849048469 894607816 1699944575 1644332700 2143142669 1581660888 2097208375 139963164 2056441698 50284025 814372479 855203761 347746799 1166281904 1793871563 2141126750 
9
513839603 1768113681 58590309 1832535877 1256939973 1898746195 436164402 1536136106 1241591 
2
979469436 254970449 
12
42445851 1079206951 2125590354 253345201 826088350 1190486452 950604123 1893740136 1986670705 2109420748 1829706352 1012049172 
17
972796402 480787754 1428803105 1045097989 478256969 201528373 1716327533 1934213004 158775926 68964971 1857757735 148674471 762335562 713279314 1965903763 302471369 1488208523 
10
1574683947 665836423 2023530120 193235795 1323064049 1348744190 705582393 1088212312 1936720575 553613155 
6
277091413 1135937099 574739665 1454250296 1476647634 633838090 
4
1193399321 1649096008 282183805 192172289 
10
972209145 1086330661 983078424 257515045 1728004168 495155297 163931591 2000647126 1866991329 1797355813 
11
1001483542 1380404829 1772998919 1324440731 2073903871 240757176 1458811025 726377834 901817633 1684161967 2120067574 
10
1896488200 412778972 336287441 76337841 1048434380 1288507354 502695291 89331629 1611714322 285999325 
20
471716991 1839935593 513596007 315017945 340813893 43187124 596043233 267148554 1228308274 505675523 1568003310 799975436 1339325247 535551688 885081120 1728190829 1462942091 1257958158 1860117600 547811321 
19
800882126 55914738 112143872 1091077581 244679389 1753472739 1801243984 2016140796 429079583 953022110 575203069 505788645 1196506387 1051876016 516397826 899004434 991271421 142117135 2133857772 
9
1566000101 1049129367 553375572 1503072735 1612968715 280428359 635372633 15145317 204993894 
2
303268956 766409326 
5
239624861 392949650 1171082862 1760723665 1694360553 
14
77365070 1213790716 27302359 572696735 209455458 99215681 7701668 915361153 2035504056 496598898 84243373 1553219857 1249397769 1692733344 
8
1739077640 1169809613 1717202327 2025708097 478534467 1793475400 247083135 880965545 
17
1998655946 1261515744 1201450775 322691895 245019199 1680486468 2087652671 1115347850 1220525734 1633368014 477023607 1972452801 1309867520 929076145 420354183 1323681931 1606800924 
9
478836933 1162791763 1209740669 1253214493 1100907119 1917962067 1041869917 1093308518 2097803409 
17
1821651087 649640701 617754580 154939189 848081341 867849473 575323673 155300974 1862597505 1946905740 2049259101 307210804 990471855 172014850 847635967 174921162 528171025 
19
1770830835 1811901060 2075176398 616394252 247858845 185532551 377444873 894312656 468120139 656405367 1058282113 661768342 867714399 99743434 432129256 468752503 1237616044 631826210 903501396 
17
1380691342 1171218178 453778027 464406059 1329450221 1292986545 1004299836 803785186 1597358701 271168485 280648446 286625741 626379115 174684395 1407020718 1764107968 1897446898 
11
255609710 72874110 114050722 611132126 1249899938 337374458 634129635 1732282475 2093258126 298257459 1709674605 
8
2049112808 1674664184 378921601 1155019560 222703400 975695793 2053513588 1265618001 
13
551963642 393227827 1217089470 1686409164 917181762 110300118 1786684741 952847670 188468128 1691779652 1355240302 1828567171 179879474 
20
1247909174 1418187910 126581833 1278508338 666966670 1697340205 903518627 2021886236 1379355404 603581046 288987388 1263057535 1283672371 2026780319 97421521 876031493 1471414092 2114507849 1693863101 1526599739 
13
1556284629 1034517812 2055023231 1732518706 800033879 1436060819 228349475 1291725888 183490472 654992275 1735822093 1447147436 428475076 
3
159334646 1181972716 1277423836 
15
528338147 1871413655 1756135643 877305572 1918936137 2069044640 426515055 1195187319 587295444 1682497520 1795964135 1527322043 1394774401 2006495025 1419473129 
16
539681825 336676907 511465146 491713697 977507583 387831053 784674721 211194847 1775586063 1246621082 617323227 745066340 1448132602 1590805504 828334766 571562337 
1
1977216641 
3
629155420 1412675992 31639171 
8
1530852632 1321734109 2017278039 592413397 747515185 1013201252 915085291 1636905082 
3
558402346 85627536 24871120 
19
635702612 1505404839 989432573 158038308 878953159 884769827 1500747603 853623241 1323998308 2103759333 281212268 370948789 1348683205 1602871025 1832030882 1941171603 1960821804 523257174 1053956805 
5
813864215 200911249 1256236093 1878540285 733833455 
10
442056899 1380893291 974161531 2045990126 112536854 2046235977 1813717230 845022001 1268532120 517163743 
13
738936173 165141707 1122999630 647141691 359980041 645994652 1178752777 787354313 1799696927 464642723 2055389534 2013752123 1011826889 
12
59576540 1516705651 1888953883 169696538 799579441 161779287 1502685744 1550185581 657592413 2141486363 1213794993 969914039 
8
539919185 1287310147 1074347672 1660266047 1146523947 930779215 1557242055 1744742473 
3
1614145925 376625648 1869164286 
2
1905098972 1336204392 
13
90451109 1178773773 2108785992 360404748 656276707 19547226 1465936197 843663663 1357849399 1664146917 535728913 606085102 639252379 
9
860607226 1510285354 913206712 635911606 1675373988 2031936224 802805218 1474392345 1464489539 
6
965222763 269701066 1658692177 1022405224 2045672418 2008810884 
13
20207506 1238686755 1213578714 1121887003 1771958208 1840926462 1166663049 1202992375 1414939791 1272673787 244711048 1819539729 1217955707 
13
246480400 235231271 1688072810 728117987 1585404931 1140138234 1708511166 955849016 1828659486 1796969801 1323324902 1103683143 2120249460 
5
798631692 843690010 223586063 678933727 996965782 
20
154501700 758468142 1935133353 1135290309 1087671388 1084640647 2011550891 528831933 603563179 794897724 1513116888 874980176 2025312183 1647870882 702638669 587423979 1737364664 1065193390 1409074440 516939677 
20
2101199541 1962285578 1306349265 2047965553 251589616 53152589 2115567169 1659305947 121377434 2045384901 187503294 20352962 657404979 792308006 1342264303 1637597119 271170745 1781975975 464485033 505073838 
1
416626762 
5
1638305875 231573300 1979226555 1330956571 1136093771 
3
340267156 1071498935 1411058325 
12
882374521 1869743112 85343661 2105324470 254546397 2107992167 1001018426 902432597 1393681593 200508147 1125378800 23644650 
6
1086895783 1149022310 1391678657 601313867 728421090 757896850 
10
2099896692 1802688530 888540781 449800838 892122163 119951923 881634229 1250711958 95076953 1348298771 
19
366203607 1938720125 2041294873 191284058 1697846367 873834683 1367536705 1342514703 1056230909 1402195219 1974216927 762384587 2062272828 1900118964 449382355 771640066 1492807916 1902181427 31087797 
18
1155864651 1507751982 881104940 2087213060 410529056 1933875470 206226545 1118365722 1082271684 1274265326 1059272721 1927682761 432705004 405167131 855054066 959491610 1166598072 765116800 
20
529158270 1280191965 1092061943 701156850 359655590 812267891 1254461394 216142437 1565481834 647071974 824375765 178175816 1776944877 1148527556 1983213357 474604049 1609298026 1967171144 346804149 1934115624 
14
16566489 576234401 1367261906 226412719 565570755 1933647080 1412669303 1834530046 1711030388 843025537 58809992 784717990 915245515 1665437888 
5
328017243 1866286856 285320954 895109757 397979801 
8
330847449 821783164 495358464 399960708 1730696921 548205814 720898977 355963310 
12
489584010 1516175218 1649890903 347089855 1645542889 1682531321 323943899 1226015291 1000557148 759256537 302526062 1426628143 
7
387147598 208020801 540805942 1017966300 440909093 1704000154 1494648106 
20
1446654183 1408723943 1791563054 590016055 987170792 1102774540 1980148515 999054978 1089296332 599544934 1507595923 667890654 1156401214 1942406052 88763337 485005189 1441759875 899756794 2103565896 2080164137 
8
1010397171 222370671 1026418842 1698856790 1910498593 2119824118 1652841294 1325382732 
20
1404288484 642520587 380992947 582400944 1081262086 1756586230 76531235 1188189111 1395176554 794934085 63042674 1091795608 100296676 465580110 1508036158 262280683 1857632878 189643138 601315188 1105075925 
6
1993111300 1035586026 292579734 1296521327 1719817924 782001950 
6
1360239697 1945515553 1668708999 154686329 465159968 1907474710 
7
841319425 1209810303 441658744 1806780515 1872240096 1599370387 627336174 
14
948943594 1994876153 911235122 338624448 1891427401 2049660278 714473897 966390348 585188950 195251738 1916517135 726218861 1356026296 573559481 
17
1282962785 575615390 520228217 1088347491 1924143094 1403482024 767475812 2023510932 1310371131 855578005 300555074 653569719 1504962884 1627157868 274009561 86836367 1263128751 
2
439867234 404046058 
13
846704546 1051133629 1129241078 1944250779 1632422541 882309546 703376820 160027846 1588957331 1243755191 708581237 1705521100 1102483074 
8
517387449 895303384 1930519314 1212608892 409286226 1429938926 1593049336 577694662 
5
105422860 1602019509 402859885 901083897 1658539601 
12
1391418168 870510750 423027587 757047032 50438322 919364761 285302693 157164525 158136146 2093912784 1167495603 1106161069 
4
375391414 1431018048 862257343 1034696073 
17
904671109 1657992275 1746266733 531189685 1844259144 897993436 1854487575 59396162 240216393 1930816985 1818660056 695921557 1466522899 1678494116 408291492 709525513 399816337 
17
1787005512 1834933542 812387179 2093014946 1530107378 1592018087 1238140907 1703761323 1693278301 1685868538 76415790 1911349826 2052981031 1867120042 925984346 1930685595 1593050920 
12
222948610 1253291043 1245189886 1909281951 982768937 732946034 208777440 1470887311 1467496907 896606358 82147702 353294097 
17
2137836142 133689496 609693056 976387535 1721354097 1806509633 1621907420 660558157 1527097617 570885345 295441915 2048711093 628155051 1660939875 1687162997 627065161 320157364 
17
1034513344 1608011515 434308412 1526188917 1002668833 870403212 1248556061 1649280464 1700974943 620063015 141863776 1049376746 269536873 961063493 1183168921 584350998 889419056 
9
1723661544 1414186345 463170709 738931895 1045740446 265431287 1013355507 448485025 774454376 
4
847913057 242777312 2126769801 1651214316 
