54
13
595873142 1958291365 1967806994 859425899 1423556410 416484430 764385656 661881240 1324071588 720810734 709937423 1653294924 1346484129 
7
1814255170 1010916496 1358672471 553868491 879025628 450632346 1675766278 
4
1030217234 935651416 991877023 978799015 
1
481490528 
15
1197703311 1386618965 1290473578 460035912 1700210016 1461854559 508490133 1788065509 1174971584 1531109010 1293675319 753602051 436012677 33004798 1906066642 
10
1848741489 1059371637 568429340 842870582 1545387307 223161049 1508054392 1536102253 1875029098 1378602328 
9
752595514 313263146 1675280890 740791387 1665389720 1604048464 173683771 449894030 1497118686 
10
2120950537 1635616747 531887996 1377772468 1036764829 1493758290 1272721600 813510118 220319832 2020448039 
15
1555796272 474220731 1581635460 579016381 920450697 641502274 486130398 82065306 1212037177 1010957607 692947883 1061106247 1207051695 479772018 1160926410 
4
1543465836 1925268919 1909456408 351991980 
16
1815092428 135105492 1792315902 1322278596 1289863705 1109106796 952877734 1226593549 60020361 1068226678 551387289 188554267 1891033067 1939116372 1851402074 1161239397 
3
1778196884 728325120 39879701 
12
437276262 812538238 396646066 994556228 104498049 1682972609 1123698211 49657939 1489239903 736120598 1955441180 1088544712 
2
78350993 319142505 
12
2133657760 1004213304 1184433094 1601683639 1064217771 179221677 516258150 1241251247 1312531360 1249507007 54814534 554832198 
12
1397017345 1521870510 1569444388 307973389 134903334 1397342346 837524889 1756698227 689747670 494201382 598664717 154566065 
20
1294147805 1819732123 1270692382 1239857916 338600323 1548583027 1674163114 1029805890 1172447042 80414151 1678646936 1451333841 892653128 495974818 78401737 2135793311 454064091 62104037 225470169 2055138715 
13
652087104 546562114 319005914 1290222704 480488179 1677055478 619368793 1755674095 284932839 2101898622 794105873 375229898 1974586331 
13
1644884073 1986216010 1927044438 269125099 2136692110 1107840255 42893114 1560015899 721494905 1165738500 1509054407 1559617468 35028375 
19
123184134 1339990051 1729114820 3580928 811002141 1372320410 408466835 420065259 691036080 1431232836 1796536868 2053581918 1377325265 2113299948 2121169891 406951241 47372517 1069731063 1088703901 
13
409001941 689450393 1324487964 475741550 836865954 306443638 1327841654 240541088 281341863 1074919247 1965210846 839398388 19382721 
12
1053567655 1389565846 528020703 561287385 452878632 1836735848 1791287927 648741804 1967040260 965256797 2034120354 959646931 
12
1061788275 1356908361 1637321662 1075724365 1310500292 2055402273 1235629452 1256594788 1860050859 1699731465 269267197 2013325576 
10
2131395469 1946106029 2074304992 2141441649 555916674 1246811024 1892980597 824474917 310859818 225864552 
13
2049129515 1411786848 1544523261 710910491 3171468 1933937819 480520238 1578135451 1985950941 266082150 544471136 729390773 1894512433 
19
1933622051 1632652990 1685092759 1297362139 93702402 1084595493 1915562993 1890659692 474770086 277995188 402592998 693279310 1653101335 1137807422 2141848258 487780328 1846119465 454393692 53319941 
10
915281500 657792577 1977029795 189195307 1935459158 1142809224 1617027174 648510642 1451076844 1473108449 
19
2074081915 1028217901 1628827641 243096442 198506055 611529103 546687542 2114023576 1611260737 1739161727 1981697324 1573199282 879415899 500411076 1129399089 470849215 875536527 1887905898 1224399077 
1
1582365024 
6
760343430 1929984357 456354258 1563334046 738532163 2142688221 
4
1417310118 1354755270 1350054769 421846374 
12
1312142041 1984114051 1262941280 2140789367 2150719 1783766498 1175146658 2018339740 1168975062 1690414079 1180817916 1429937114 
1
1441803310 
10
1059970079 701485602 117593040 596772633 1091036427 139609537 443718468 823518663 2017878861 681317364 
9
915635922 964507003 711015378 168633997 864651184 1225144395 1858294152 1370294300 1686909926 
9
297678453 1633822017 1233272660 16564896 80791064 1947527209 1492209402 2123382569 1149241423 
15
1883583349 1459523441 2137108010 1899609926 1982723018 1492598246 65769299 2088594188 107172659 1342993297 437905448 371270346 1002815391 1646355853 380413673 
7
67377690 653462257 2089452218 745706263 896586140 1887167037 1008337180 
6
598129194 371073246 132569887 1082256973 1423164946 680795664 
17
488034729 574137453 1919362361 1971656140 69242103 423220615 398567490 290600451 540975345 559257847 1398801258 167197283 1500029325 1924944289 668794217 1619983043 430450231 
9
1676550429 1474576546 1287996114 1276730736 197503409 477966470 2048264038 296382006 551007803 
3
1551292170 1372650543 217125091 
5
1839432358 799654740 1860490667 1302479485 811211812 
16
1688678849 996530245 1343257236 1211371742 1163763287 2138341189 938988567 1336852998 1979503100 2088371264 392787702 1577700622 1815434324 748900870 467906815 1877346075 
4
215186686 1192221308 1222120728 307230809 
16
871138183 710006921 1104504044 1234936749 300085500 567597762 683784839 493194160 2109231090 426163755 1971114065 1639750865 1561947838 1345122787 830085775 528146718 
17
2033725190 1669241483 1281856509 1231461631 1977107623 735931019 1231726116 282708881 337644804 2061204587 305174035 560596283 1279271946 1306362821 2047379010 1554504893 680457368 
1
163480178 
15
605105681 1635833977 1542179438 999622084 959984371 357309599 1874485364 2036032424 359590840 386018305 1409303529 699290558 3515232 844599802 1523829497 
10
1264276071 851921787 1797102539 2009067211 1799533120 1022789198 531325733 1715898640 1645396799 1445176860 
15
1160602718 1838303607 1589283593 1093401975 836451141 687951678 556953580 1288132329 1915247751 1719634316 796755870 1923276686 1809688749 1790308680 1027034800 
4
1661404736 408391181 688982890 552098362 
5
1877843578 1050885754 1556933906 2082160229 1280067400 
19
819422031 541718134 1803553587 332054243 846120745 1134011245 1718997032 308617895 1721290636 1575496701 1678979389 164547819 852480289 2066898293 715923348 998569512 1306116951 467646738 1849114998 
