65
15
1702048643 702623258 609362598 102020457 82865179 995757845 1168642929 1053374045 79615576 980840204 1713070054 2098117291 1336249543 749976696 1862419829 
18
1529743455 630723531 645274039 900461531 882368682 858915559 1622623085 1513001285 136057066 1077372208 1781356257 980788115 1115413210 1384363707 1504623122 964911830 737738871 2085448951 
18
2022672114 1054555705 125056108 1201788966 1879820862 283592494 128477185 146385415 402406171 96004592 1976989438 824214719 1121684808 1088022266 1273964165 1943928945 655375752 1928735514 
14
1621713668 435229929 2091048266 1180619433 378820035 1129019827 1973729918 1676242170 1617788788 1022952018 67001500 1243508241 741468113 1875753933 
3
1592589867 950612556 198316681 
5
1844155153 1812642429 1763704187 1875938864 435990822 
16
2112762786 1706406716 1764247454 1223588734 1025034280 827566616 199521934 146146886 149632328 1147216910 1042029355 1677114960 1455439885 1570021614 1949444906 265243649 
16
1796831379 1071663656 333983095 887643499 947300907 21747849 736974821 1726615259 350062257 192558400 1381490708 1633793110 741458217 73499903 1387770158 1529566411 
7
1392145147 1542019206 1699632659 1683831802 1392644748 623078121 44351372 
17
344228572 952757260 1379145183 1870039112 958118384 524375436 1326387083 1520816511 1672598412 1041097870 1447813483 1269242619 326503000 1979039563 1524227577 916372444 602848096 
20
307510456 1406107788 764669290 1870986157 218935769 2029380351 497862956 1492389700 249965913 1337409156 463479715 167882074 1880503726 736972027 1923322121 2033523034 1020392762 1739388638 286482239 209421012 
20
6513402 987652136 1613436171 562051412 998122773 1439658133 184813114 529561413 2081543424 113919735 2104561404 2007897746 639401668 48404501 1328233256 1257559314 477818690 835382618 140445493 544405449 
4
1363386879 282440613 594169072 702155702 
15
1983739947 474860664 517560453 1546062649 1741822036 396948347 902684406 384937031 1296001951 2078200267 360788675 470842041 1055191472 1222172023 1489232828 
16
1381163200 1866717044 1531886468 1337912945 669922759 1100295247 1210664002 811892925 142798211 1827119864 1614797098 2056628363 855079323 1439111560 426190796 566701851 
16
1564814277 1705535724 851827420 2089066413 1665122966 1118492412 1675022505 1060281293 1204251496 1151250277 649531887 165098911 1230601057 1573196396 1102773406 2087681764 
12
622077115 1867797661 276129645 850437834 1580806678 282311618 390009249 2049716220 1648731678 529156195 294660865 996175947 
9
2078152164 1145471328 1854814772 210656721 163721087 1319346249 640268913 395153304 465955804 
8
1683233421 176349728 533476032 1195974152 984640060 433657216 532208515 656543761 
20
424065800 1393390017 1446969543 183572626 1137570820 505274493 1896993211 522567776 853050604 1756380472 798221474 995481560 685208273 968659390 1784832425 1176173291 707260372 410368630 449172052 701270348 
17
446102476 298104345 1374579374 1981971899 821899804 1129826293 76824051 8849377 867936723 1740111830 266926944 1734091197 1618292257 1961802316 1965399688 1253809119 1207901812 
2
1081419693 383848385 
15
192720576 219864363 755902679 1150843294 1677650699 883698976 1779467912 262559098 933194646 2038773510 458884345 897364403 962261276 1669891239 1836253402 
7
85511067 863841290 1889286269 1977555442 187939947 1466086933 1541336212 
20
1066531053 1249919166 273530297 1895430596 1817694521 375462222 1457698707 1303345736 748126619 831240893 859715326 66735094 1889453771 2133171620 1106045639 904992744 998870309 111627577 961031328 803844958 
17
2043200829 695154681 4056039 517986919 1356176907 354204220 169770161 1115583901 775712067 1357605930 1670845471 1984026552 553776679 960477728 1265109870 569542230 2146859624 
7
832281632 1093204480 641581739 37120766 607154302 1157183082 1847474232 
4
1533024744 761808330 2104848747 682121191 
1
1404554767 
20
1315056436 1949710178 981719004 493814169 620670947 1841592239 525572699 1681636294 425455574 412534191 1053863108 1042751262 1525136143 1813138640 802503931 859563061 5939255 1733462899 1300675884 30049034 
18
568584221 829701470 17294281 1784595104 314199073 1530831890 1938282976 416611426 1630546922 1566467985 137831321 1438763453 1364890465 490646538 823657157 1386767571 1215156031 390735623 
11
476397883 1119970189 1042058964 1204049187 1841385085 750809930 1049888810 18892902 373555832 1741070128 418004371 
16
397213061 1773344923 898001585 2103355110 1839256995 1298041393 247130825 1737198866 666584084 1760005327 714580067 166293470 762789264 1958817217 1760022198 297620018 
1
599109626 
7
298642321 1561551329 240829744 1526929471 198847111 1058661513 1103840617 
2
945761761 12176432 
16
1987674276 279579 2010081737 695011898 1576152807 2116272863 659217259 1689075321 245947693 365581807 319427 1634102803 1382543452 675611785 1942727456 268930452 
8
1898674259 2047479886 1468747464 85086750 906487707 1423804023 1162207016 1294306541 
14
116405768 1953550037 299271540 732646827 667623758 984324125 590281045 465884520 303136709 1568665860 372779874 522597426 1704781061 1409688277 
15
901947827 162484558 131881278 95945424 436453511 2060199489 474792416 367815998 1227069073 400227180 263834189 1409957775 524391116 1483018612 897072873 
11
709740102 1824054578 940181211 71989921 1841989460 1551166106 1153579430 1817966649 884450019 2032301206 109001358 
17
2056139751 1816133274 1209499564 1241228465 1562335905 30840667 532440369 880046612 1429215098 236009602 921660985 233811952 1235123893 951346827 795809092 1362280436 1073097688 
1
1393467108 
15
975301697 753897832 1375882618 1413825005 1993687065 1084258762 763351062 1550726095 1362013526 8526155 1431586706 1706147636 935157726 1577477392 1288381492 
1
440711267 
11
272014301 566869052 717238075 140868614 1334079343 2041031502 1149690977 535476475 1456731296 1738042091 128770333 
1
1770775006 
13
352698993 226413993 1514941480 573191497 2107407176 1166010987 57909919 1693184891 1618033021 2014458543 1370902983 626135497 1276404928 
8
485720996 1253435499 925903293 363254499 475180703 820341054 829812499 29669549 
16
1475502042 268884373 675521568 254311990 1152650555 648524355 1433833658 844743 837876178 1842818014 1623179572 1865874272 255750958 1034296460 1259070743 1697626536 
5
547376978 1792904376 260434968 370742414 523027057 
17
1225771774 697428340 1481434478 1335068409 545990730 992942290 460109995 1808358917 344863425 1257253099 158989701 1878643347 770411690 1345238027 1893308781 197560344 719686324 
6
213125295 812389488 973620669 2033207314 1875014906 2144555286 
3
1186813499 1984638736 91747117 
14
692789952 115489593 149329867 1693285588 1206704181 1485509007 58101028 31217651 319854610 1345196134 1879814112 122844833 129641444 397331095 
8
1433050050 1756826148 666770754 379328688 1486216078 1239904525 26094227 1421891965 
9
246517702 706952918 552265549 1618148793 1468018760 340757216 865081480 608324213 2069411698 
5
136863655 1836164895 1168901812 564388157 1501544771 
1
957242733 
15
1857674047 1833733575 405726478 167072032 1615158134 2007671050 926386158 1461979300 274216491 498880332 416546856 1610533745 154454780 1798330698 1278198863 
6
154639113 389043782 2062506538 2087016166 887020619 708299703 
9
1454532891 343765971 1363784251 621310301 1743113580 1787946166 1834645853 224958521 259779565 
20
513701677 104557279 700901799 913722452 1163265679 2137453997 508396707 1974880561 1747674381 933037279 1479912623 1139597052 1407693409 206369150 10999452 1448329419 980695189 708899313 424395948 9947038 
13
875803796 423508078 459365486 312978921 1581334429 1317841143 115379154 1740619228 645233451 1446110450 1720717755 534831896 1842765266 
3
798522480 1179861200 1147926731 
