10
13
1154599145 1468419848 49752284 730987496 2143103958 1009386461 1757554438 1885582613 1853682654 18959860 1601739582 1152907654 1486782979 
3
875413249 323541671 1119051905 
8
1530463857 1727508139 1528413722 697767321 254743013 473367150 1243722666 878870534 
16
1229125786 1252509656 2055568944 758676914 327509997 1572255284 1719819482 1823891755 1602586208 1790872214 1362251846 526117393 1299655000 94419819 274274265 919420513 
3
889484206 1074654992 188946068 
16
1412046217 1482596323 1347719918 1166475567 1371611527 552614505 898029725 1801188074 172447109 1487583196 1112602214 1912315589 101145958 2124583634 1363200135 1008829314 
12
244693415 1436972805 111311590 487539241 281718677 1692471170 2058740385 965107701 2012362306 1182954139 1723603344 1039458222 
16
285720757 296017460 274970792 1453582117 452163355 1827691134 1067325156 1923715368 30603470 1048000597 1234563338 757519412 1384770646 394676686 1650943638 1142315733 
18
1559162376 1334530642 1157368285 779274920 175402598 1995505452 1872246696 229985094 1028637205 1007194805 474252503 1257208066 2134036726 2144704585 153355085 849628337 411292124 457464899 
4
1600244881 1042556699 1565031463 199937219 
