64
19
85523123 1215494327 371728954 1367274022 226030120 231623005 1900531189 1353698918 1018744085 163390233 471412439 1425652833 1012712947 1771557147 1998718968 329529165 1279487178 4154430 1005867626 
1
510109032 
20
52724272 926407606 1301439899 1440016909 1770626871 682519017 492854789 1309915021 2003915196 703142599 513508423 2002548293 1110894038 761101595 869640714 1401013592 771878469 1359994286 366664361 219808376 
19
559861414 1082063655 2084857721 549846499 312350783 1426161930 38516499 229237767 1010232997 299421168 1860579808 2073639499 1694007120 419457210 673391540 2018698249 146604703 1798731584 667356459 
10
762922276 1332077413 558468558 536432489 402211536 439734286 233685343 1532358374 593929833 655718454 
5
1129120722 291005863 1092402256 1999942316 655815059 
8
556390987 1812694568 510268344 351178888 1248222201 1952108206 863082955 1058416251 
19
148593636 1325472161 282617608 1610352867 600745261 1058452209 1818561837 866411390 917830629 929584824 1710775719 1693698065 89185481 1011457240 1734755077 1213134986 398208264 1932580620 737783553 
13
1290029851 1675965703 1250994538 896407958 141026922 428333602 1754886792 656458455 1991471656 780258639 1178814193 372767476 391547764 
7
188181770 895065943 1061311954 355537038 412372842 1369748599 22568420 
4
200782121 200804225 1661103967 1612376211 
10
1210850740 394691069 407084247 1122626068 543567652 988663895 373928625 2063182712 2006785039 725199404 
4
1774405345 147072244 573088798 1932648849 
11
926365335 841518631 1399402969 2114412315 1429941661 52281871 840836477 609793349 560260924 1929232709 373879197 
14
1349038596 1511291499 898386525 1476360079 350184510 110875021 2025822968 785781310 918632693 1175448893 1827068273 1947462774 1728905319 157071779 
11
2004017543 181704689 1168525223 817925949 1896082916 216901300 1918025784 1938115455 1425905122 1358079052 1384142940 
16
14966962 1649595659 1649104005 1287848005 1516203400 377319631 372927925 378867350 1705741032 1584894926 241194754 1059246878 1315967277 1231102524 2010683178 2038687606 
18
1369385776 391903665 93717441 387694436 218944780 959583864 2013796536 1289721715 1442313131 1599060093 1224143387 152435191 1566343205 1435932520 277845743 1153165124 1345122009 1272713743 
14
550274571 527814688 1108185102 477560145 1374604007 356213704 97832180 1111982506 1114692771 1978368883 782412574 981669670 1368718268 700835181 
16
1197403038 1772405510 1913671603 1297639915 1426171373 1971002004 925211740 1835748233 910115966 392342447 1296923954 1591821406 770329663 1192097877 1778859867 1270010191 
12
440405145 1105528520 581370324 352083837 1755918433 901799883 1581509670 1311306196 1053142277 1352345820 1619052277 383591617 
14
198708763 1246535468 118713131 1548856017 1075263228 146277781 2067928818 1551831882 1883563666 1609298035 1781587855 918559635 604589636 1294239526 
7
1696625061 325662282 1974507745 1166989644 980383652 1498040002 1314647673 
10
265692369 1750984263 1709310642 1175974619 660138345 1857792245 227192902 240296238 646894551 1464668773 
1
405065249 
5
1383707250 54319126 2147162411 2059304597 1523998053 
20
326048826 1628309462 1156839151 549146684 1396151881 200451717 979322409 505006278 239843603 661450265 209200604 1682393553 1719030717 1838077062 1557038925 892303965 1860268709 1133180666 1408300252 1128839221 
15
1852994499 1430653508 20745695 1894804682 347274171 1698199478 742476450 181697164 703425058 1599383558 533137679 128046688 1973332008 909015454 1499363663 
1
1514073151 
1
1554077043 
12
42035458 1326630130 1543239860 1635891557 1078865398 1050054066 227968046 954372352 1089765138 1198659724 1630219025 710995597 
12
287396687 1885145277 1273715146 1333661563 45015145 1586913201 1368532961 2002315637 1706064807 841006640 953265012 1892054704 
4
1943561812 65316118 113646704 1699849938 
2
291547063 1701462037 
11
1117374857 2139132694 590498881 925584839 237436161 1597302693 2121244660 1313719255 1981780230 424449037 1770975832 
14
1136048955 1926238039 1455123782 1408054635 772913419 454123764 1847732349 1884691941 630960947 1363988881 406264350 211708314 1749766403 358777946 
2
1535150188 849434204 
13
475259737 1563221258 868826827 993758147 813686026 1016606870 740614352 2038471400 170498351 263589604 554628039 5297805 378122280 
5
949176540 1884370781 827540819 2137736392 1832328511 
7
1890159632 1953960007 388445488 897175842 1203018972 567981790 894776546 
2
702416480 1876419956 
10
144009301 933917569 2017229886 2085522114 381489873 761392981 2134320527 1823921647 1463048828 1747504969 
5
51050752 1661566252 1501161494 660539529 1550375895 
7
1416709997 1937214427 1815882974 385675486 1555792350 1389421717 190568330 
16
1302165438 1990509736 1406820505 312792753 922516186 1437518297 487133144 272478372 1924484018 610869333 495679972 220993721 543611400 1701676640 1948655297 1304946319 
5
1122636915 1844616989 829216420 31876819 1586866247 
15
1644199346 469129238 278743344 191426475 2134888745 1658457669 953749145 1233808564 1684662217 1852929347 860834257 382747276 1318306657 454501859 765783388 
13
802084655 514549512 395355195 1184458920 1185276264 1176902123 753588578 1853328768 656903010 1410276125 200714441 1808460315 1366623287 
18
595296625 1580520988 1352735129 1865941028 1735008036 1240479118 570727820 1784086545 1584821113 1873850522 1612222652 996469233 1554308355 308322526 600939011 553853554 1432446541 1007268047 
1
213726370 
13
1484049466 1525116269 1606780306 1434201413 1911008228 2119966833 2048676422 1256417476 1357828956 641658637 1913275144 839469086 879749079 
4
334493657 2071616339 1719514050 1830976414 
18
436265015 201674766 1543316229 1033406592 143585742 1326899600 1926803323 62554805 1793467482 200271695 80635260 193282332 1885098294 2145374501 754784755 896411701 446683471 63920961 
4
1488642812 1883506591 26299777 1637142158 
4
710714006 783009121 1208733757 950705774 
2
833168564 2113804582 
8
1907563021 888453254 1368294105 1385941377 100611936 741501501 615257481 2044279275 
16
845488842 151981083 267665797 1705698167 589864201 245593501 459380902 1736994096 1797100369 308746873 488865439 618700524 1505353148 1710996374 2121113157 1003730756 
16
1813941856 1999337582 1560603012 610541740 79789114 516694874 1176219442 1197852513 821004069 1874832841 1024908815 1024860475 1562824748 1576563886 740949571 900269795 
19
1782802724 605966394 1151278758 78610619 692209070 966811117 109204039 497571614 717616491 1649292078 985587379 2070989251 1128795855 1673294370 1281374668 958916705 1763796557 2118280496 1215496563 
7
170492087 1840812803 2016200098 594034012 853174864 671812847 1285389238 
2
465705593 1968321991 
11
2081727330 703121980 416380719 171884745 2006851743 2088504919 1650122045 1705669978 137666812 1146406229 638251949 
11
2035802763 695938644 2124867585 1766757778 43068799 720878310 390475822 1670410180 1892627738 1842504431 1882355715 
