63
15
641515969 477662610 1971126105 645008529 675818099 1737767359 181905592 1688897622 1410725127 150321151 1155853273 1932849549 1764396453 2019660371 949969409 
15
1003971268 1968635634 969521462 54685996 1967550487 941880173 345477231 1102672584 1490395557 199327813 2117200767 474956438 1275333914 1665508247 719874872 
14
509515412 98618143 197182588 2141687409 537436034 1104007958 1937393790 327235857 1468661944 121926786 983986502 1755329534 1772597486 1494945912 
7
68674784 1881540369 910571021 1500167856 1319387508 2111932775 2046524654 
5
1795684037 1576265736 1312925098 584557450 727618678 
6
62681907 773196175 1152825050 1454216725 1669428928 1587422952 
16
1530426928 116078473 1133524393 60797181 540170299 1079453462 363264572 687764140 1185136300 483042851 1325236398 1360036074 555030774 707755602 835291593 1908826333 
2
68451515 1064237882 
13
943103774 824283383 1224688230 1993360302 435155250 427897964 1099437631 302056945 1695905040 1754461008 788548894 610138856 734813644 
15
1933945524 388792157 500341169 2109436701 1561080010 1981772844 990300515 1953335231 1596449518 296562095 1144352857 931155500 498149390 150631497 316067604 
18
1317355664 604192840 1873743202 524523874 640008943 1777338845 1507573593 357129157 1995362601 1789610888 546338035 378458966 2119437216 879692531 146882372 423230216 1814353021 349941246 
7
1693460309 58766149 520187166 1469888561 827127015 1305251317 616023562 
20
1018380152 2033521007 1446059470 1286715285 557968862 1422060447 2009284502 977897528 1266067417 790884745 1632318648 1699017815 1412655641 2034753410 797195603 311261011 623915791 1705854130 1440146175 1021625689 
1
643844925 
17
1775677667 2012807149 444289397 1135165979 56927566 1518731021 1784415167 856253027 77858648 1530549338 1455135900 802971362 962198274 1104877915 2044138563 1896480671 1001374526 
10
1779612553 889681569 1238832588 1078569122 723806967 1958779091 736450797 1795580102 1939460095 425767988 
19
1658286751 273962075 1621092876 493451377 668041387 1177624954 442874385 1099449980 1420822254 674485557 418545153 1162878296 1661973540 1892582784 1428501947 666477613 2078651451 1587676577 1266544174 
1
29831427 
10
2111462939 1722402429 133941691 311057028 495147744 1994050640 62183258 1205575367 1585430219 26719634 
13
2050858802 1557770548 212869284 572785196 145110111 785925385 22892249 1376033618 389588538 1275379524 24238878 1532606685 184837161 
18
23597990 1649124082 1691119435 494778712 109465349 104326659 471750801 805050713 1854955398 1618990055 1791622617 446007062 783145181 1056215724 1952621644 520277672 2007840482 1893709939 
11
1135584868 328803419 1376406651 1020592280 1780132272 1598712 1457105186 1272973422 714642114 435602573 774437108 
6
246241739 1530328827 928289490 661586902 1019117541 502239952 
10
208455001 1868939807 1898868666 1847812562 1579993270 89778532 1117615059 1328997422 267921607 345825625 
16
154990961 204463452 101074733 561972233 311229280 360615111 590060108 1424907033 569600721 1984145315 108575642 774203595 201917890 1323138830 1091093717 2022047519 
15
616865450 1067470501 907036417 1133738198 1927932734 1880919314 1586086911 452135841 860369148 1575043138 237249283 1974278034 1396038195 1600684370 716996432 
19
2017900155 2052313055 483515095 1692675679 171322791 212878039 71547711 1425674617 1697948295 1195058721 773622333 1777487507 328531200 1546951790 206257592 1265260102 1385686252 2099000448 1056376275 
16
1832544324 971826200 114116221 894861083 113205866 979413121 2041922622 624321177 1635512020 1230044258 585125878 1582472925 1366982390 1897399665 710201082 27867651 
4
1671091929 568315031 299962849 2076012203 
10
1726316285 1909278826 1981296525 1807667563 1462627007 1491628417 141838787 1611199466 103298040 731607141 
16
226653580 1513991722 1413403147 170123134 368378426 1022790962 805956372 906283456 1895469770 579784299 2042496944 1514724516 397703925 1306324400 864324424 890507446 
19
736846397 1851411031 792258073 1225443709 1341097655 1611833819 2000751709 1459036190 1794677491 192784672 355016906 808922770 73331929 897905200 2042934865 946291744 1549475045 2111600410 1076047767 
20
222847330 615242176 1134541887 5124438 1809513732 1360543414 1743848873 218151950 1776304697 2068395076 880953948 1786652809 241147999 879867393 737875835 1889313074 743320304 948377120 1675602120 1201079546 
18
1135410070 1628084826 1098600424 533766589 746053015 391065858 1109161942 1899778577 113402736 1923294832 1898326197 2017945066 1959072003 170178360 346966396 287332172 264119026 1435102250 
10
1453409582 559691443 1777656985 232754621 848436307 783093346 1775681047 443560326 235899233 1980853491 
4
523814165 337184487 2117365319 1041494080 
12
798353873 520715981 1376639466 1566040740 1472758357 1896267353 13088228 880059803 822844928 408744107 1708437891 565397119 
14
173049378 974928380 13480079 383099255 2060726844 1815751018 330143080 1614516044 2082814947 473661541 1066035947 1610023547 1212380620 956897060 
19
2082840930 1326526447 1282009501 51539820 1988380370 2123283651 471518378 197332812 2011690315 1629234648 732450666 2101168371 515909673 1670207852 1329080905 2112952457 762532475 898210138 162034511 
15
114059452 1865017202 1183688903 1178392528 291998286 569151354 1491300675 52281874 652703451 950624869 1856964478 1756028102 1837393937 1095865760 231753423 
14
935340186 1587974327 1716196609 452136358 1741881135 883399398 1232741403 1363096253 1603695922 802711217 1301108137 1603255170 1888282114 949790394 
15
1488388996 304813721 2144378660 698551682 83948695 2100087639 756030390 1586300279 1829898364 968104619 1651495018 860531307 467698346 839491753 241809247 
8
3320700 2069067926 502708752 92528207 1977454182 1646280643 186124891 737619488 
11
1482645447 1270740352 1240422701 41531687 1879935605 1083981123 1826616977 856552911 1705541623 909734993 1680317746 
15
1909160045 748012005 1143432565 741557279 438020649 2043151546 1247769621 522935466 747312438 57244946 394594454 1129389827 129606300 1394627633 1150746869 
11
818828289 1224871713 183493611 1470027618 1862609682 1670416342 14333210 373517726 537281607 1742557330 1078312648 
4
518602974 1091697090 1614674371 1002999996 
17
1366549819 1059175156 70804970 1705755977 1947603313 215163465 45381429 226875063 2067847195 1152938547 1235935910 819912073 807179891 1629768790 1010557267 155695557 1801362500 
6
830625647 1695306425 949156377 749685151 929745353 236248889 
11
1225117811 1534140102 1967206938 507754456 1390295387 370032299 1278436505 1374081892 1810066170 1724936765 1932089892 
11
767996428 1791180979 684065126 2100582310 2091034767 696106827 1185633470 1743916787 767554738 1176774887 2037526509 
5
368486558 94721179 1105938804 499591640 64891685 
9
468225952 1083669591 1421559263 710365327 1058968035 1473203552 1053851778 1854044628 1648612126 
1
289240478 
16
1891153623 2145442649 555175148 1058343896 873294765 2040540628 746483149 846938368 1849531296 426345044 768987938 252262004 1703398946 1528759878 999551334 1214340002 
11
831209230 1459927345 1787430769 1078027987 21691060 1885020382 119330001 1235744320 651065888 1132061515 1414088724 
10
428268527 715058552 1909467484 1315196905 754443069 2085498117 1953056615 1593672516 1138412258 77045203 
3
530907419 1514982832 99053764 
16
2087995663 758597686 1149649659 524110807 1096429071 682184891 1928199388 1629452878 407129471 894266248 1483820521 461638726 1462110348 1551244043 1408841743 1146037835 
19
652964375 653395286 172883115 793059694 950240685 1346274698 496304185 71297479 498626593 1298061691 1845273352 1188133776 918043015 1715196995 219923527 496816163 916782809 421435530 1682420537 
16
1495346972 641253721 220306819 963172862 2136710315 1064648875 1696882713 132712801 2024519601 1627839385 178058903 1898981206 279166287 352366058 459390360 771714280 
2
1722366323 512333008 
16
562384238 2089380163 11380559 166111697 237585028 1921655530 395013935 1299083488 867161424 1290794398 113453475 1121908676 744912893 347813223 519133762 309696416 
