65
4
561554982 913470061 1895605087 1531345421 
9
823557958 1445412621 1702361213 149019405 1965713993 1188720770 689243744 1959332368 2017378774 
19
1201289555 2105790117 1534273883 793322078 430503417 1130761732 1868620352 2046684787 1845554092 1382897807 242249806 1663572355 593290923 622874522 1714611039 526537492 705998995 1879410071 635589636 
16
1808578560 1507596824 516153552 899850643 575670330 1443633210 144192602 1486977260 1024479630 361873276 1980686045 861940127 425642218 2027677700 1236865811 1249306139 
9
1583884615 2112130208 711707131 1699433449 749981081 827471270 1300616141 1769263876 1965187404 
7
537498894 532519999 109918441 1795966461 802465832 352566441 1540848010 
5
576277519 1348712877 1726669200 1094294939 8765965 
14
1457401401 1006205627 640320832 582799791 1655134052 1838371219 1470308345 897084753 312528195 1335628806 1959222023 666603030 1124170761 1574237142 
16
2113668409 388451064 1023607822 2030281460 1430934279 272570308 1296088163 206523111 879686118 1617590530 219967609 78779712 1563817764 1203857380 2106346391 300121685 
2
971699286 971516388 
16
902490781 1734573565 989858009 587785848 497431316 1213939112 27653589 593198044 1807049337 1687557571 444686277 1108240189 1608024295 686180914 1270242241 227190843 
9
184119679 823669949 1601630423 431398833 176691941 487788189 228167360 254640468 1288308312 
2
1207977604 1017162176 
1
1777540550 
6
468044869 1232654484 99791615 75956418 1057181876 1441416287 
8
1215270083 108572811 511492048 1999250594 501219376 1750626811 523770978 1972061117 
11
757980225 1650805824 715109324 1413029722 1263728002 1363993333 2140426992 377836150 466904289 1245891690 1379374158 
6
498329707 1618307361 1081812955 324165793 666734312 1597638641 
14
405328894 1690935870 372264796 2146205146 1445032039 1869633374 631467438 733562354 758648390 918751486 91351331 1017991654 814241690 342376065 
3
673803890 186607499 757172714 
15
992330960 1960221878 2119438946 975576304 1106431536 1525430005 718151725 1723281246 1918450913 811220944 835233420 269722838 1907087957 553203426 1007208069 
12
665075815 1564211981 763328585 1816834095 1989950995 1085103112 1020597559 1444454547 1248722884 249987376 1435004723 429565880 
8
956120088 1827861692 1005101718 733514712 1945875369 1600554697 1206494565 184516682 
7
1891444572 1216696543 118334251 1675322397 912185234 199680320 161480617 
13
1857570752 297874103 1305742227 833638781 1443447221 1404874722 1578733902 377856850 910777833 238692322 1281128864 1847085170 1061702235 
12
139060639 398856655 1861050177 2139087660 1247916770 1296767693 1167315921 222891435 671726656 368014157 536520844 1909713198 
10
295609385 2019795463 515974793 869994179 934122500 438861785 1955021379 1888793251 624971798 1440724647 
20
277607192 1832670969 1929448920 657365417 1943973050 486275841 1953373508 1400752360 1009800899 639079461 977531234 1837256169 1100619315 483830514 1311662739 753346828 170129899 676767231 17113382 748067983 
8
1177381743 1345397592 1543895841 1570784514 32645834 1230954303 1184426708 170511050 
1
1146550298 
5
1109775185 766013957 975240879 708426744 681161546 
14
146358507 1881296027 2090795143 794100310 1157937 2116027078 585558370 1529866486 665316655 2077969508 1199703947 273593053 1393506249 541943956 
2
308567512 1338809755 
7
468517697 152292285 404585833 1192341138 979346413 2143033039 1852967852 
15
895502997 186110043 1510189492 1359774266 548961262 1301223503 357486685 1472320745 156920832 1795161511 286105131 798034998 1284859820 1324706727 1124978137 
16
995370256 858038195 1736229573 122950199 1289762226 1834747588 1948874225 789189009 1011383645 946073073 26932739 1450691088 186623997 244445594 480422677 1175197732 
14
2126330114 1868472213 1657629998 1152248929 1982293839 250784556 354714291 2047365239 789817785 1055889066 1836567031 538124382 1163018764 1897578485 
7
1652018329 1630319088 1734074132 2099983030 1477228314 352953398 694845284 
5
1794084453 952747496 1593522607 621338006 874913213 
18
924819162 289534018 194294474 1313449589 1241432841 993123066 1325428872 222029567 1642281384 1835463209 812757788 1794346479 1057697878 211369283 1185112596 1037407227 497766469 1524359206 
14
2008961198 1679476604 461139504 1743164773 1700276320 1385239681 2070451519 373921939 72586120 1676436878 1277641761 526885874 567743852 2070326144 
15
401213703 1298988691 1741182343 202866394 2078636539 595120054 265026689 2085867152 2138627149 392833472 745298827 1233860617 2138823248 1695323081 1193218796 
12
1728172777 1466505648 137276121 1039064560 1154339905 757901093 208884559 1065003027 1986478578 1474632078 1768943222 1194887438 
8
1067285288 668258866 1627588977 203548526 1603529609 556637831 1129191248 1081266910 
5
482999764 1503600862 809948834 674983053 15285690 
5
874308533 90718517 795406704 2072869434 1020242840 
4
2140680675 1537247235 1839644002 1146038873 
20
2082331291 281695857 1044484656 1317539713 804238349 1606819592 215152335 1104326774 369017029 1711344342 242008827 953574483 194578095 506304327 1597477148 2055435273 1781461041 2064163450 795108173 1929059446 
15
1048328767 417052325 732937371 1141908381 1699555074 272179054 1738506747 1558374394 2080072903 842824456 184642369 1376571392 1240659345 2067668661 742335368 
11
950989050 1873941419 368311994 1373439147 1442456192 1987668250 108830531 2091432047 1427308453 1592881124 55796864 
18
590264959 1685792737 588365584 1312072612 1008744950 1083428568 2036966168 2050952380 205561473 1853254956 27976124 1176676596 420197665 815547411 610811530 965563444 1474219581 1523393219 
2
1101849240 1431544223 
20
1759528018 857184800 1518725667 1497726659 1057642689 1824103047 1256225121 620307352 319137991 1397694597 2004616871 1421083813 1282595681 177805138 1000967242 4056897 1329279372 1870420708 1823599516 2147412170 
8
1118995007 1123765274 2105798497 2026251643 377098681 1626302341 1563179132 584414430 
16
1174752415 353635829 1272248924 1381915682 1752011983 1468014577 35408953 1534688198 1933832350 213442200 310726698 2010681160 665500559 1906620893 1317733214 1447702238 
17
795167194 431570569 1478372256 1776836464 917578875 1224942918 1038415367 279752342 52152889 1074291938 957922503 950862411 185437463 851205012 1071129193 1557758730 382941585 
12
1753919959 1546116613 133958800 1810431449 1101851080 528053181 1800931646 462428752 169059403 2098640566 436464249 2020007527 
18
261915670 26562023 834497156 568069158 1836815668 1463931205 1149868799 1433236684 260851428 1587286102 918424843 345286951 1546311655 1812470842 2025392444 1613665342 1560184762 122082931 
3
1530443739 349081448 425799396 
16
99347080 1558538418 547088361 611117561 612633177 1373243869 78383971 1360987721 200492103 615767238 1937551702 1076098425 1464492037 677359695 1288214641 1198776113 
4
1583693265 1386759568 1152722727 1846777165 
14
369926980 1798401786 1885975311 1769306242 900924379 1268291095 2109634468 420059547 141454068 136402682 498096456 1138160345 1630013602 1643813499 
9
1502356579 1485092004 2040663136 1467354714 700885453 1701300485 191938377 122103250 536724888 
19
1646800143 672704938 1827106875 1586761418 1476544842 665019546 489207002 582387300 872224075 580458366 1086879488 1282467147 1129971722 1179317653 1146438552 1662252445 1449020831 721071271 1925694144 
2
483506479 2118475957 
