62
10
331663156 1216707143 1313913473 800487883 806054619 1524139972 1560860714 569041378 1738171166 797444869 
17
1720279264 951946697 789199330 14384176 1941966751 1203479338 600487703 180321446 809718584 802675209 1788370024 1605305806 729772745 2117296519 2134902131 922693562 135511330 
7
2114512582 1094860825 693905213 773084998 2133676843 727459808 630059613 
7
1864575874 1341181060 1185696251 1864973839 728665829 759881716 1151886205 
1
1358760845 
5
1111539755 1245350698 724427755 1386595702 1932670387 
6
821506771 1841724605 1170487384 1090199653 1715822225 893995962 
19
1259210133 1758955313 971792903 1357421886 677064488 318360626 1120868652 1025031038 1036448450 979752755 6364502 2139434372 2239436 986155395 1273961622 851619022 1152957651 438363696 629711681 
13
943926407 889422226 1268787034 1032139701 1647840276 1618946055 1894815275 1723679433 460880370 1958580000 2041949503 1868999864 1072426159 
16
564096159 7760401 1963514553 232925050 877977184 1550068430 256205635 167563237 2122680823 1100162306 594837780 1723149544 338666876 1173036852 53678077 1889593125 
15
2049951535 1224211626 49926373 940167837 1367810034 352366292 815636389 1631752469 1206767144 286171241 737884326 959839507 1773431432 749619120 1316039576 
12
1825284881 914784461 1130896890 1852497323 223874903 2125178272 995063878 560058599 1606200669 1410986949 196013982 1686774505 
19
62718019 1838703939 1962184307 1229513903 1883693706 2001245058 969878340 1917008924 1144446592 204462127 1345261238 1328373186 1523917065 1174152625 1861688066 2099202399 1189438615 1596923806 1219988437 
10
198036542 752225273 1691043325 1416562777 1850375535 1721870719 632345658 10916176 1195750583 684265640 
11
511598493 165338102 349417819 1286164068 1989579346 313420226 587776072 395689861 351511842 523886373 2059658138 
17
1369535054 2046724033 765064054 1828654118 1914908020 538985112 738744987 349550630 1964579187 920178034 534036949 413733220 313778403 837505832 966425142 2031183983 1422936146 
9
338488190 747194495 165633108 1874142440 1659225163 458898360 698447484 602346248 1442668738 
13
77639899 681580601 2003898783 1388579585 1028978184 1335158625 491518995 1812581051 1545802292 346489054 552794640 1291549427 240283676 
20
676859143 326802461 795991073 1388230623 948198454 1109972967 902539281 2044844662 1846749064 1651474069 1269207094 1499007737 204018313 267285937 69910396 588975503 1482875450 799787180 585548368 1998809252 
20
361527282 1886598861 807857046 1246802292 1967072756 1531273831 108106486 225811103 163608290 728898830 1220814579 730732183 998878867 133039462 1439436548 1463620718 1409264723 1296647609 53918761 522870323 
1
127385292 
14
824457553 1746685322 254743767 31176373 160418288 1315957932 1381796526 1324694035 1896406299 146881526 1952869878 1291743115 1793731514 937099969 
19
80357621 1789839880 1083655976 425294028 1511862125 469196539 1209511918 1454833501 718231058 1336658082 709483673 993331013 334184783 1538048677 1281753060 688358765 1051925154 693707071 1657468805 
1
488202380 
12
1157420519 1063324696 2021173024 675472701 1686045451 2067463145 790646755 1187185005 1604180122 160632734 66196933 1212122425 
19
410463510 1260466893 352633832 921894748 1489467266 567389465 928058427 2082114705 265266079 454345584 1038962856 686533708 82897804 785184308 266898464 806512707 1449065546 1889532159 955221360 
10
1839136421 991869933 1341857973 484704319 935377929 1355832339 279579090 52689160 1872263585 234700961 
15
2020646566 451066485 452281049 956579980 1512397961 76528584 759855150 460341498 7530603 1697230978 1774575557 1318314110 586253118 1425169576 557955741 
3
867532433 725831224 410634403 
13
1280466718 903885846 69923314 969884657 494328491 764950797 1900552931 651674317 2006431341 1944045318 179167883 360011431 301376661 
15
742820507 1151424584 1314219431 598480551 1719218059 941580227 1985050726 157950896 1788230166 1584935086 2135452067 431867545 726457268 2013953894 1515998975 
11
468308992 492409420 407900142 1864409529 1596907597 528600172 498283202 1442053405 137770950 902018890 12912528 
5
1461862265 149599793 1747367240 643786660 2083970096 
19
1643940009 1579573418 686580309 361520630 1574070649 965067513 1844657390 1177565879 384496368 468173035 1840340833 1348061365 1612543931 694737589 1742571377 491884517 807641442 801748102 1565363603 
6
1134736899 1311915890 573684981 1555651023 1607285808 707641799 
8
1159984432 1288923828 1145166815 625198145 858066337 681065651 808216341 1781198505 
6
1485558038 1413609349 787831194 1014680543 758413657 1197566449 
1
646481556 
6
621647126 1346155382 1316134054 1316740335 1360128552 530954034 
4
1625776014 687865370 1713067296 1327556363 
5
702247660 1955579540 1758775637 855302995 1237278580 
5
1373282895 1995973172 1297318662 1792210014 1135454548 
14
14516927 2035986299 2010790777 1313045924 1674331702 1413786423 1197342610 1766644640 1950296246 1545289112 768003672 300229252 1459062733 2099606249 
3
1408543471 972215925 977262445 
19
1217210707 2088722907 352958406 1297650289 2001572089 1231053894 1315005204 246448287 613813065 781926527 617468459 1344120270 1384084024 2072164624 1598621867 811536969 1221378795 828997905 257340988 
12
740734621 1200552530 515249846 2076020320 2012155277 455637141 1322788867 1410767944 96261253 1640907459 1375797126 1619308630 
2
158825988 67688318 
10
1495008769 1383009963 718155099 924440399 898240412 1993152922 2034015244 908541092 485897844 898457889 
2
2027186723 807539655 
7
1623017568 1332411165 989530542 33945217 878874463 1280298373 508271307 
11
652938458 694087482 1066259940 319260281 1039448633 444892803 1955207910 373642291 1037891499 1701603369 2007735310 
7
960236046 1965857374 1100578228 1069797160 511299574 1981633711 2107255610 
17
1643807694 1925215573 2078310336 240348614 568706349 591108684 589049937 1834567739 1204399111 1193273057 1107120189 917193497 1693104616 1715743848 643043615 2119184234 789235474 
9
1231070820 201423376 1498146611 826552501 1827954508 1977136936 1151664571 1128588676 1952381831 
7
255174734 97388227 1845829541 1791230624 302971535 1147111325 774002796 
7
877164308 724733033 1625436625 990813734 633843202 1977095636 934463419 
4
610443935 442462937 1392776920 36314836 
4
586935812 1677446302 1102077140 2005748813 
18
1746366184 1474833581 717150486 1241645189 1096954203 802747537 2045536647 2013586721 1368043886 1905150408 2030887751 1204678300 1414110905 543763960 2126268438 2079179765 1469949252 605213608 
19
97590839 1815560825 835450295 978417156 1226515508 731090360 803723583 1164171512 450463786 1103532388 928306608 1346470700 1798709637 2033914783 846768870 1424301553 791205601 799912415 561351433 
8
1908134297 547850087 1185278823 1331006675 1084732653 1861375215 984365347 1826357588 
6
1150893485 1724439982 1999520923 1827897608 239411580 1475244219 
