17
9
791635189 434596292 864638181 2141204365 147313167 104582962 157631074 1088808445 1780684555 
12
168338187 111368220 1063981615 751317160 2036391113 996874815 1669744388 1198639776 354281247 1015039964 1012391501 1351137889 
6
915150191 1571197966 1328056917 1055295993 432185945 1484219179 
6
1827202266 498959549 921411065 1088614840 791399994 1972891532 
5
176466463 1972427518 1696187824 993043706 533470328 
9
561063773 218148563 590279433 519903049 2097633775 1204808615 2131425003 188103720 509670548 
9
1819180651 232811392 411138233 786485794 1724713576 1445000568 1411565508 2143819943 409117218 
17
1017204193 1173786331 875918617 1013775500 1577093099 1825365789 811050977 2138935514 908921907 502283803 1599861379 1436537604 1952053679 302296311 740398050 1175569467 100118717 
9
273865005 717390682 920846926 320745261 1997184967 695997607 1151597595 105207570 1009814117 
16
376774186 208141080 2011206273 1089184263 143816054 470436862 1612207957 893335915 1601662096 1889804848 332269555 1818042694 199152560 1844726624 1692870581 1157277321 
16
1392715562 998876818 492642035 648549119 1275663053 1171247584 1854777987 969231717 1507378477 1991601649 263560704 2121217226 833813572 34180500 1980436148 1780427542 
13
641361398 1636842478 197237187 1472916850 2012676915 25120508 452114936 1522667967 1589200060 1768071254 1717447068 1640964589 423642761 
19
900514353 1946134556 501025421 1179523203 246535876 1992176161 145561934 1317530065 678676644 672308875 1407925865 1249058212 1883097421 1907257073 2078283421 1555531360 27537317 1557480014 525277084 
18
784487093 1293881056 243413540 1670766733 15479717 1455946816 1244808484 1740652015 1967426096 1765311853 272121792 1632748487 2139757100 1853261690 1168607426 1829910946 182174777 253058442 
13
1450667497 1185967257 108614350 1177371966 892046916 813691865 495351630 760215051 2062822157 845322983 587533543 408474942 858237754 
19
1405552133 471135043 1248054482 1377670594 1162544736 1039470632 1203799008 1555068187 2130987562 1692001707 558270612 1039233526 2080238075 991613693 47006160 471171442 472120431 1197684541 487405712 
16
899032457 504114310 1896583859 1783032868 701969424 265278785 476737971 1373985991 1297114292 1869819448 233596651 1587432623 1899679722 2115913810 1015995990 707872552 
