57
20
796304492 890713600 1843548687 1802346753 938180438 647609069 560573698 1974632154 24301210 1566271757 1789862374 1632072213 1182575476 1566591943 1055386808 562041952 790494884 1046741650 1028761202 2020887640 
2
1662787668 552892223 
7
1570543961 739862975 2099184002 1243367769 1810720932 1296555145 1271480462 
10
2125723276 1132228530 1824660356 1138485636 445680951 1285303873 973526891 579194330 1949942766 1429258584 
4
1931845868 1057397559 115199367 1999486885 
11
765433512 193831256 15197131 983054024 489188597 1424589572 359948563 1083164493 1254658409 1284900367 1307028259 
12
274850584 1350632547 72641003 2067142236 1903874682 483681317 1174067322 1849056662 430173679 2043057075 1329164460 844068360 
5
759062882 1507269962 1175774978 1696184734 669951446 
8
1791261547 1884618266 1165185218 911967710 1306128331 566188524 922584577 2008182535 
14
679306222 2144146191 293919721 1984948659 492868886 34564871 940187050 188339897 440254420 1988625839 284258378 245404800 1673368965 1053750771 
14
1102284316 510160428 202703032 479216420 976901547 1757718653 1535552670 1853711605 1907917942 131883170 99780071 149903774 64165987 1724073772 
9
237190607 234602239 896087233 1840321952 170376861 1142949323 804985776 754446396 1347775826 
5
2120486120 702053891 1504155596 1288034012 2089994039 
14
330464523 91537123 1058210211 1381147494 974930214 1034539558 1749793518 912518547 477227999 2075018746 615069582 786495859 690579294 132908719 
8
952324992 1130412946 731605370 608354249 1968027538 1909728180 1860924836 551424818 
20
1913090549 1942078763 899802573 459534486 713981413 2099420175 2138718626 1214539490 2062794820 1286757526 950411582 1572044308 1868991140 1271279332 300292215 712623259 997439202 490749503 1004409426 518583288 
14
1267078086 280084118 812761462 997279113 618466294 1095951380 856103307 1429462948 434571736 1804074688 124797590 299888403 1782580073 299000403 
13
1988212329 847752574 241703257 176810583 842915758 688460887 638785909 361376239 1264431240 1348336513 339809307 1685752165 1167173827 
17
1122547288 1241474726 31747191 602737772 1110850369 1971988497 593518054 173973426 764787039 328362135 417638049 888144852 1428794729 924674731 1528758227 1259512581 205686338 
9
1064044099 314888169 191150527 374167647 1418849717 896054504 1524832689 825518400 1992392542 
15
715238440 423589517 383003961 1899243804 2063423271 1086226729 595297766 287973977 786248508 113638860 637387598 1461159388 1697536426 574193000 1903850569 
16
1583799179 754860665 560433223 1566138350 244707930 45494237 1252782681 1006226617 847652903 1910455979 1377545622 1840519790 1641527137 20231268 596105282 2056872000 
16
2003786211 1230220832 1969411040 1663601223 132358624 1061732824 1387563810 1182601066 1928002849 1090000024 723084745 145832582 1865053098 160002168 536481625 1025113210 
12
1597830457 600968574 9933571 710335136 2067746572 531157488 378406272 642314295 689326023 1380064254 2035529514 1951541815 
15
1969995242 1619004736 1063801083 239619485 907257608 1868140937 1115824729 1827754989 319365280 1605616156 186791788 1585693085 373633331 1565546902 1522140403 
11
833286713 1424661159 735985161 2135434105 718808443 188154459 348731438 818496211 1911296221 1499767429 910389897 
10
1038851511 1784754939 782535061 410182503 1977897888 1798522028 1382762510 1701923365 567326831 583045416 
14
1962413389 343591283 1691849964 1472017583 677187447 478000857 1640653089 1298230713 84094196 1207846598 1832153334 153496524 395235829 877781570 
1
1605428414 
6
1677882732 650994343 1907873782 1007414505 1117891191 1918729893 
8
1485310715 2134456285 1852923136 93909129 870338402 1612737866 1361903968 278481517 
14
549616244 1317076922 2101064544 1435420573 506179969 196669377 820306548 172807276 1491469639 1367389799 466575615 1483848514 1015058932 845072093 
9
1073305743 889006006 659959457 1141974992 534558256 1169062930 1582737843 888934492 918215562 
11
1469089386 1213457910 139136477 627953964 1430389143 352820094 898267893 1521975816 983732372 130406291 1068191492 
17
1081509345 1834794292 434900352 1473637437 1333982832 2073935879 1834297745 1716437283 61107685 628605390 1887371209 1873821387 1397259529 2020049867 1364153539 1020704930 873173150 
13
1722531291 79945497 1571547379 1940546258 1456667257 592524854 784320815 1049198526 864118132 825604744 1172900071 1069646295 1862193737 
20
546430500 1708111175 69605500 314016133 2033457560 1161869325 751713091 249541096 2045577919 862994341 84320141 441896895 1265204217 1459024203 632939567 2097929972 1714695649 753603832 937813733 1382143674 
19
649630711 211665208 2138734236 572537906 1826573644 4139312 1600071102 2065873270 1877298778 1243855082 1089046026 1689122610 371164480 1577449316 1939753175 1872315739 762305561 1477527955 1481636701 
2
2008581713 1727142352 
3
220456839 1965812573 2029612833 
18
265581700 517102686 173427323 1518676903 480962145 540883812 230524557 1935893393 1604631442 1867801419 261720732 230399100 1677727876 655881370 1798069596 2048107683 1480660197 1594765666 
14
1455160724 286837164 1262718855 337991940 1458829458 549855039 2067031179 10442630 664102236 1672574033 1208510644 1593377596 1598858421 63485966 
20
19519591 450779868 1777436761 208708795 930058306 808965834 1122882911 1034322349 1117109285 1390011314 416536000 1899289737 511435013 542582761 318647051 1415018095 283878762 1541122348 1884934455 1541753177 
14
601355376 1229370922 1867141648 1351886746 475342817 1346889295 1208717850 1870325563 550298683 2035398411 1825482051 1508198130 1525008590 995107719 
11
200166902 263660518 1043855981 978098875 895095338 2036020291 248204425 1848711144 1296279816 1493555407 1550359929 
6
560022535 2096250065 826522351 1546943893 513660548 564710002 
3
1848674249 2046223107 786845923 
11
1967609045 1987832034 19338308 1173558726 822063114 195711638 1818816041 777676573 639891692 1542541217 366408805 
7
349034140 1350325239 985299847 985554209 1957355685 1127704816 1116132586 
16
285193138 1097014593 1871456097 711460171 1201273167 1074523194 394026208 1448948897 1932315747 1987653175 303506783 1674031451 1452784544 966628924 780058791 1938816823 
5
1498127877 393356708 569532745 726429078 2121372558 
19
379875209 412266896 1942639980 1038457032 1630657846 1353076150 897193088 886681165 1934105049 2060266303 982888113 121211139 563928079 661644224 2145321627 1689150542 755782118 506816858 1037889189 
18
164721262 434020388 1197031210 999145095 1913986635 1316624040 1511641306 203403636 1398296314 730663308 729629209 1516633908 645708021 686830383 1081106151 1855242920 2027087899 709058517 
8
1311821121 2018049599 86716277 992754986 1489554509 2084549511 1847964623 902292318 
13
548349167 222201026 1896429706 550213577 1363632823 1492435698 1356508203 1983615904 850819182 1335407626 876285233 1289344218 182130101 
5
1259412042 1613418688 495538743 1735962467 470890767 
16
392585031 1453649699 1741015697 1251048054 1582067014 1118744982 1591101990 456713247 1023682900 1715311128 1756439253 1561180729 1468585167 737055592 1708405765 985063191 
