96
17
77 70 29 44 57 95 85 101 47 7 111 55 95 89 58 43 102 
13
103 36 96 63 64 111 120 72 41 72 70 112 43 
6
99 56 70 74 54 120 
7
58 52 29 30 10 59 102 
1
64 
6
14 15 39 67 101 64 
13
0 10 69 87 9 119 80 83 100 80 13 117 119 
15
28 81 9 1 3 109 25 41 45 36 62 75 28 68 26 
3
24 46 21 
15
93 13 24 49 110 106 13 29 96 77 67 2 94 58 67 
3
124 93 76 
9
103 113 119 37 116 15 24 127 32 
4
99 93 37 30 
6
94 27 66 1 117 126 
3
97 109 108 
18
31 73 25 56 63 67 70 47 33 30 58 5 101 73 85 102 80 53 
1
34 
3
78 40 96 
5
46 113 91 114 43 
18
71 118 5 3 121 85 59 57 40 117 66 79 11 53 95 32 2 46 
2
96 34 
15
76 117 14 5 120 86 61 41 11 75 7 117 114 36 51 
20
19 84 107 126 91 31 105 5 10 38 26 61 31 101 60 57 99 49 107 56 
1
0 
2
61 31 
1
79 
4
111 59 57 85 
19
56 69 59 3 36 3 110 51 46 117 87 93 120 30 32 92 49 18 56 
14
9 28 106 0 23 4 125 96 43 10 99 102 71 114 
4
11 30 2 86 
16
27 41 54 10 61 40 107 41 51 127 116 108 84 60 26 53 
5
103 126 52 38 118 
14
100 22 60 6 76 89 55 51 44 70 46 115 80 15 
16
0 117 82 32 60 9 5 21 114 32 57 112 13 81 16 49 
3
20 101 81 
18
25 114 61 61 71 1 18 101 62 105 42 101 90 5 18 107 7 15 
14
102 118 51 85 86 23 125 18 74 60 22 125 106 32 
14
74 77 126 16 17 68 102 45 22 59 117 104 69 13 
11
74 75 75 76 100 127 11 66 50 80 27 
7
72 64 51 36 62 79 113 
15
91 60 17 73 53 111 67 91 112 104 111 123 5 74 92 
15
94 82 35 121 10 43 2 74 11 125 28 88 13 113 66 
2
54 20 
17
49 16 4 62 47 46 74 9 63 49 57 69 10 112 34 18 105 
6
1 113 71 38 118 75 
20
92 63 119 22 64 57 105 118 7 80 79 122 8 88 25 24 106 120 72 9 
17
61 50 92 20 35 113 25 34 59 100 11 59 25 77 79 51 101 
5
55 95 3 79 75 
15
34 27 34 109 101 42 26 25 62 64 54 87 90 112 75 
11
126 40 96 3 50 116 8 70 47 2 14 
12
42 123 74 7 86 48 60 121 13 105 98 48 
20
69 50 51 89 64 73 5 69 106 8 119 44 84 101 98 36 117 108 82 40 
7
47 67 109 85 72 42 111 
9
60 96 88 78 28 61 98 123 15 
14
123 10 72 126 98 108 56 13 86 93 33 41 57 65 
11
81 125 73 10 83 89 91 68 25 112 36 
8
88 103 113 2 68 21 118 111 
13
125 105 69 56 73 14 125 36 108 31 90 37 32 
5
63 112 81 86 70 
4
76 110 120 73 
16
24 12 84 26 48 127 120 25 44 76 7 82 8 0 116 122 
2
25 88 
15
21 111 11 100 39 55 74 50 110 110 61 60 113 9 112 
3
86 81 12 
7
80 20 21 17 117 31 18 
15
127 68 71 106 67 76 20 115 88 72 12 29 97 43 75 
2
95 119 
16
102 26 7 126 84 104 88 94 108 65 127 8 112 28 85 12 
10
81 106 11 65 40 55 92 46 125 89 
4
48 60 101 35 
4
89 124 72 112 
20
101 22 60 14 80 5 107 106 25 25 7 11 118 16 18 110 90 43 3 47 
19
24 110 47 2 35 64 68 36 127 22 4 83 59 79 95 88 110 43 87 
4
51 85 49 76 
15
7 32 83 65 35 15 26 63 39 2 119 86 64 124 1 
2
53 115 
6
95 111 98 73 19 11 
7
110 107 81 65 4 5 24 
19
85 123 96 23 23 7 30 64 10 16 65 84 71 5 36 81 36 3 96 
2
11 27 
20
105 30 31 106 44 39 91 15 52 101 102 72 86 44 88 55 123 72 2 118 
6
92 43 66 106 53 89 
3
98 79 53 
4
91 57 108 115 
5
74 7 52 41 101 
17
117 111 26 56 36 18 53 0 122 62 8 104 109 80 2 73 17 
17
1 38 39 49 67 73 43 42 5 95 59 46 24 27 47 51 115 
16
113 83 41 105 41 49 92 22 43 5 56 2 96 123 99 44 
11
37 57 48 78 1 15 17 16 51 65 41 
5
112 72 28 99 92 
7
103 30 77 60 1 0 91 
17
120 84 62 43 47 88 30 124 89 64 51 117 10 52 20 99 28 
17
112 48 4 70 35 76 5 52 111 87 15 63 47 66 13 32 92 
16
6 122 97 81 13 80 97 102 63 28 64 112 122 96 40 32 
1
60 
7
63 30 64 75 13 4 125 
