74
10
97 66 101 56 13 31 104 45 7 120 
12
100 84 20 6 105 12 35 122 74 8 43 70 
16
86 21 18 63 106 76 63 40 114 49 96 93 41 40 13 61 
20
108 43 80 58 32 79 14 122 31 108 56 12 91 1 54 11 43 99 67 16 
16
50 85 41 82 13 116 33 10 57 2 58 102 82 87 119 122 
8
53 7 17 120 108 99 60 78 
2
96 93 
20
123 65 112 93 57 3 30 28 40 34 7 113 8 111 10 55 20 19 23 99 
4
53 38 22 61 
4
123 101 20 9 
4
83 124 105 48 
5
26 41 98 116 75 
18
20 27 62 119 27 31 79 127 114 121 121 113 31 59 5 104 111 7 
6
112 108 72 94 75 118 
14
75 56 34 20 65 65 91 125 10 56 42 89 115 69 
16
23 39 57 22 1 95 74 105 97 72 59 120 49 76 65 44 
16
13 104 70 10 108 28 38 96 91 106 70 125 65 78 74 32 
19
34 89 120 83 74 17 41 53 64 120 44 99 12 87 108 35 101 59 100 
12
61 51 98 9 7 64 68 116 120 14 98 90 
14
75 65 121 52 81 113 102 35 123 55 9 43 51 111 
9
116 102 112 7 48 62 83 123 102 
10
34 78 57 22 72 11 58 121 16 69 
20
29 78 93 0 71 83 82 100 49 93 52 118 88 12 74 22 98 38 9 17 
14
40 123 102 79 110 27 10 27 14 56 58 91 12 72 
2
40 8 
9
16 44 2 10 42 64 84 113 79 
19
61 102 96 95 78 60 9 115 115 118 57 11 47 92 41 83 94 115 124 
12
114 122 88 62 26 119 44 85 71 5 19 123 
17
13 45 15 56 111 89 122 66 44 79 115 101 70 1 4 68 82 
9
52 55 120 51 111 6 69 33 13 
19
25 124 58 64 54 74 44 111 85 57 11 110 34 50 16 65 48 99 62 
1
48 
7
27 120 111 60 72 81 52 
3
4 49 35 
8
104 10 43 9 74 33 122 30 
19
62 10 3 66 75 57 107 75 68 39 37 118 71 24 14 38 87 113 0 
14
127 26 17 62 48 30 85 23 72 70 93 72 81 0 
15
88 0 124 87 50 9 78 85 13 85 116 2 7 122 37 
8
95 8 7 99 4 96 101 100 
7
79 85 36 101 13 89 51 
8
34 26 98 12 127 25 115 29 
5
54 109 101 43 14 
12
78 51 38 67 48 0 106 30 80 108 127 71 
16
110 13 56 79 41 14 108 56 120 48 122 122 35 10 82 76 
16
93 105 99 100 49 86 48 115 108 127 78 20 70 109 18 115 
19
62 80 56 55 68 92 85 120 51 95 56 126 86 79 56 37 95 26 75 
11
62 127 87 87 1 113 7 108 102 41 73 
4
126 34 115 125 
9
114 111 122 31 108 104 124 76 98 
15
54 2 118 0 93 51 75 20 127 17 55 70 82 106 42 
18
76 113 70 95 82 73 70 108 13 28 18 49 7 74 89 59 8 112 
2
122 53 
1
72 
14
98 77 59 118 105 77 86 35 102 0 113 100 30 77 
11
68 29 104 3 72 87 71 57 60 103 115 
14
112 54 77 119 25 120 113 46 36 105 35 79 121 97 
20
100 15 80 67 101 17 37 94 31 82 70 66 72 72 10 89 95 52 29 65 
14
71 118 52 1 91 29 98 94 114 90 59 65 28 99 
19
31 1 17 102 90 82 30 14 8 113 81 25 51 23 76 32 7 29 37 
19
21 13 24 100 78 92 26 47 107 120 75 8 24 57 23 36 93 73 112 
7
18 46 62 108 120 33 20 
7
39 94 27 4 44 92 79 
7
96 97 9 119 6 108 78 
19
88 116 75 51 113 64 87 62 2 56 42 64 3 1 85 64 106 126 118 
13
73 56 48 81 107 121 102 121 125 21 66 59 122 
18
37 112 119 60 84 9 106 2 71 38 9 96 88 22 43 106 39 80 
19
100 71 82 81 94 109 24 53 25 83 9 97 3 126 3 115 122 38 35 
12
105 74 51 127 99 10 98 123 56 10 2 12 
10
112 83 86 93 61 87 72 41 17 64 
12
57 40 98 125 103 73 20 1 71 8 24 23 
11
53 119 46 127 4 39 70 41 101 94 56 
13
65 94 48 13 60 57 89 75 109 24 102 120 66 
2
66 12 
19
52 13 127 19 42 30 64 28 96 70 108 82 68 57 107 21 122 35 54 
