49
11
18015 17860 396 17979 860 13283 7922 29822 18942 17783 6306 
4
7424 21054 15248 4172 
9
5689 30353 8315 4468 2420 5215 9756 8141 28858 
1
15125 
9
28197 32361 24273 14821 2011 11708 30569 28821 32604 
12
23656 28781 31104 11277 8603 14523 9956 16436 10355 18287 1498 4872 
7
22743 18201 25170 6942 27934 7059 19837 
15
2549 26563 16155 29973 15542 8386 7947 152 25086 11453 22815 29712 23029 5423 31349 
5
23998 18197 9313 30647 1285 
9
1721 32397 8505 28413 1815 19923 23513 30054 16267 
19
12702 19638 14400 11850 5274 7088 26204 23787 3919 28717 15864 19500 23404 25389 946 20885 310 28415 15584 
17
2238 5764 30574 9498 28766 14214 31435 5232 27981 9408 28143 31863 601 5451 4642 15522 29 
12
28940 13665 11739 25180 22282 5425 9622 5461 13052 19544 11758 26343 
1
17633 
9
1314 8221 13230 4489 3803 15308 9885 25178 8322 
17
29661 1480 32033 30366 6300 19190 8973 9760 12366 25152 21977 8422 29783 29095 7650 32564 25123 
6
1630 4731 8389 21398 1090 6310 
18
18165 26371 5824 23847 10988 12008 11918 10617 11042 23162 24795 5266 16636 11364 2891 21530 24751 27027 
6
21551 10872 24705 20051 27193 19256 
11
31916 32131 12085 27377 26856 18019 3590 18909 2449 21209 26407 
7
23611 17103 26419 306 24639 20368 20182 
7
17116 2409 8332 4987 13293 20031 21477 
5
32393 20995 20932 21212 7515 
5
25458 25086 28914 26774 838 
1
5446 
16
8488 2430 1053 6113 5156 13279 26750 6978 30241 990 29309 27338 17912 30757 1552 4254 
8
22514 25387 31628 31369 11207 11898 5451 22917 
7
25196 7825 29618 8372 10886 32330 10450 
1
18239 
15
6033 13832 27620 20965 8451 12820 27752 4456 7708 12978 13223 5760 176 11286 31274 
1
15998 
13
8320 32405 5232 7838 20050 12559 13236 4754 8645 30957 19912 17364 13723 
3
9052 12039 4182 
14
27429 909 27754 28581 15038 3480 21545 11681 22254 17404 23415 1283 19811 16465 
8
29639 30783 8461 4654 23197 25091 11494 2650 
20
14308 18946 26615 29497 6640 22135 32031 9341 1835 13884 18212 25786 19468 3031 23269 20862 5810 30447 25529 11536 
18
5 18050 11188 26557 5979 13991 6068 19223 23664 12003 25687 16167 8368 9810 21076 29861 25856 12625 
2
32057 17014 
16
5576 19216 11147 676 10037 28373 20259 27206 30963 32023 21545 9732 18795 17062 32160 19719 
10
963 3329 26397 18823 11198 11433 13067 23046 15933 13318 
6
30101 5933 17151 27664 4368 11474 
19
24902 21054 15010 30115 20610 22976 11259 16544 25195 15691 1875 2034 21584 12230 16318 9328 5325 1274 22226 
16
32588 22613 21346 17742 7445 9975 15804 19987 26504 15920 12825 4382 15656 2777 11085 28982 
9
29403 27334 13625 16525 21556 16517 5232 13587 13087 
1
23639 
10
7226 24432 4631 20567 17026 23559 21490 27219 20808 7742 
5
8481 17252 23230 4215 21239 
2
3196 32677 
6
22713 30036 8406 10524 23548 1119 
