17
6
11771 7385 4228 8032 14875 18130 
9
21544 21838 6486 22946 24560 25313 20482 28467 2034 
1
21628 
11
14853 24289 25824 2125 10575 1699 28572 27450 10136 30067 13743 
20
15036 29243 18329 17441 26141 18501 24859 17986 25940 2733 2655 18911 10305 3583 18233 15225 22476 5352 30064 32237 
8
9250 27571 22620 1641 25499 17815 27151 21229 
16
2207 24562 17215 29814 40 2540 8549 17538 23962 16159 5193 16351 9671 28334 3565 22617 
2
19137 2905 
17
14500 24775 4513 10724 22874 10248 711 7146 4576 15237 22191 18558 3761 5304 1405 18507 7405 
14
6156 29106 13271 27780 12442 28340 25119 23055 25101 13856 29420 25965 9474 2319 
1
2947 
20
20768 29120 11481 21846 17835 25336 21961 12619 8390 8199 2170 27143 25730 9542 2806 10696 13944 4056 16521 14681 
5
17089 26580 18839 30974 32074 
8
4803 16236 17828 10570 16475 32210 3313 32224 
16
3619 4476 2425 592 14851 2380 16811 5098 32097 1568 2065 10993 18648 17225 9593 15117 
20
7550 29109 31687 8473 2758 5049 29202 23696 29294 12663 28701 23173 15 14757 18766 30823 12009 13579 15119 3939 
19
15446 9755 20716 13118 20624 7067 7620 6867 28174 148 24159 27627 5250 32046 19979 10604 13860 18369 2381 
