10
8
4124 9351 1026 12350 2486 21406 3004 9294 
13
23923 17014 6245 22840 17906 21572 26213 14277 18634 16821 19596 26577 4363 
5
8599 25845 4793 6479 29993 
5
13132 12293 23177 31878 27080 
1
10144 
5
2726 3446 18315 12832 29176 
20
26754 4870 28653 30462 5956 23243 32427 1056 14879 451 17171 21835 16480 1800 5215 20548 5176 26251 26599 5865 
14
31296 9219 25671 6754 29950 19986 5827 18104 21072 7700 3752 22375 12129 7550 
6
20205 30673 21548 31081 1143 19827 
6
14225 20309 19829 13531 30826 25637 
