10
8
19347 26121 15042 19683 18774 31563 9744 29403 
12
32752 1358 30951 27925 27736 11077 516 20655 2351 5810 19279 17072 
8
15446 25052 14576 16904 7446 1174 17366 31343 
13
15219 23607 4538 10106 26687 22325 29544 6396 31268 19119 4854 6433 25341 
4
32126 769 31499 10269 
15
1831 14418 32284 3421 20413 10787 27773 25509 30695 26605 12394 10150 12224 17600 22169 
8
20135 31702 16697 30953 5321 15802 14976 26540 
2
5207 17491 
9
7652 29033 1022 2527 29649 16241 17270 14529 13719 
4
6900 169 9604 18116 
